%% Matrix
r = [1 2 3 4 5];

%% 
y = [1 2 3;4 5 6;7 8 9];

x = y(2:end, 2:end);