A = [0 1; -3 -5];
B = [0 1]';
C = [1 0];
D = [0];
% J = [-8 + 6.45*1i, -8 - 6.45*1i];

K = [180.11, 11]